Loading data...
Starting neural fingerprint experiment...
variable([[0.25251827 0.25495595 0.22502786 0.2674979 ]
          [0.25251827 0.25495595 0.22502786 0.2674979 ]
          [0.2439791  0.24870999 0.21951763 0.28779328]
          ...
          [0.22319667 0.22930609 0.36664006 0.18085715]
          [0.22319667 0.22930609 0.36664006 0.18085715]
          [0.22319667 0.22930609 0.36664006 0.18085715]])
variable([[0.24419136 0.2498727  0.22237907 0.28355682]
          [0.24419136 0.2498727  0.22237907 0.28355682]
          [0.24419136 0.2498727  0.22237907 0.28355682]
          ...
          [0.2224372  0.23033485 0.36927196 0.17795591]
          [0.2224372  0.23033485 0.36927196 0.17795591]
          [0.2224372  0.23033485 0.36927196 0.17795591]])
variable([[0.2528736  0.2592824  0.22761294 0.26023108]
          [0.2528736  0.2592824  0.22761294 0.26023108]
          [0.2528736  0.2592824  0.22761294 0.26023108]
          ...
          [0.22218724 0.23182176 0.3695521  0.17643896]
          [0.22218724 0.23182176 0.3695521  0.17643896]
          [0.22218724 0.23182176 0.3695521  0.17643896]])
variable([[0.25305024 0.26061898 0.22897388 0.25735697]
          [0.25305024 0.26061898 0.22897388 0.25735697]
          [0.24450439 0.2519192  0.22535756 0.27821887]
          ...
          [0.22181383 0.23224926 0.37064028 0.17529662]
          [0.22181383 0.23224926 0.37064028 0.17529662]
          [0.22181383 0.23224926 0.37064028 0.17529662]])
variable([[0.23396473 0.22260572 0.25826082 0.28516877]
          [0.2531681  0.26199389 0.23038436 0.25445366]
          [0.23396473 0.22260572 0.25826082 0.28516877]
          ...
          [0.22136587 0.23249629 0.3721627  0.17397517]
          [0.22136587 0.23249629 0.3721627  0.17397517]
          [0.22136587 0.23249629 0.3721627  0.17397517]])
variable([[0.2339666  0.22312284 0.26129088 0.28161967]
          [0.24454205 0.2531652  0.22917162 0.27312118]
          [0.24454205 0.2531652  0.22917162 0.27312118]
          ...
          [0.22092603 0.23270804 0.37384146 0.17252441]
          [0.22092603 0.23270804 0.37384146 0.17252441]
          [0.22092603 0.23270804 0.37384146 0.17252441]])
variable([[0.2338051  0.22329947 0.26448905 0.27840638]
          [0.25324738 0.26423687 0.23329957 0.2492162 ]
          [0.2338051  0.22329947 0.26448905 0.27840638]
          ...
          [0.22039363 0.23262851 0.37576893 0.17120898]
          [0.22039363 0.23262851 0.37576893 0.17120898]
          [0.22039363 0.23262851 0.37576893 0.17120898]])
('Iteration', 0, 'loss', 0.7956799915304937, 'train RMSE', 1.6602785312272976)
variable([[0.2444325  0.25349444 0.23116192 0.27091116]
          [0.2444325  0.25349444 0.23116192 0.27091116]
          [0.2444325  0.25349444 0.23116192 0.27091116]
          ...
          [0.22039363 0.23262851 0.37576893 0.17120898]
          [0.22039363 0.23262851 0.37576893 0.17120898]
          [0.22039363 0.23262851 0.37576893 0.17120898]])
('Validation RMSE', 0, ':', 1.6262417230534725)
variable([[0.2599846  0.236171   0.2385719  0.26527247]
          [0.2444325  0.25349444 0.23116192 0.27091116]
          [0.2444325  0.25349444 0.23116192 0.27091116]
          ...
          [0.22039363 0.23262851 0.37576893 0.17120898]
          [0.22039363 0.23262851 0.37576893 0.17120898]
          [0.22039363 0.23262851 0.37576893 0.17120898]])
('Neural test RMSE', 1.8221841121322182)
('time : ', 8.550255060195923)
