Loading data...
Starting neural fingerprint experiment...
variable([[0.22849724 0.24634972 0.23315027 0.2920028 ]
          [0.22459544 0.2567669  0.2580068  0.2606309 ]
          [0.22849724 0.24634972 0.23315027 0.2920028 ]
          ...
          [0.25674945 0.24621995 0.24828582 0.24874485]
          [0.25674945 0.24621995 0.24828582 0.24874485]
          [0.25674945 0.24621995 0.24828582 0.24874485]])
variable([[0.22554117 0.2497764  0.23481262 0.28986984]
          [0.22554117 0.2497764  0.23481262 0.28986984]
          [0.27810225 0.24775502 0.2331485  0.24099427]
          ...
          [0.25319147 0.25036454 0.25034982 0.24609414]
          [0.25319147 0.25036454 0.25034982 0.24609414]
          [0.25319147 0.25036454 0.25034982 0.24609414]])
variable([[0.22184297 0.2530555  0.23631503 0.28878647]
          [0.21623586 0.26464966 0.26199546 0.257119  ]
          [0.21623586 0.26464966 0.26199546 0.257119  ]
          ...
          [0.24982758 0.25354773 0.2518322  0.24479248]
          [0.24982758 0.25354773 0.2518322  0.24479248]
          [0.24982758 0.25354773 0.2518322  0.24479248]])
variable([[0.21993527 0.2553643  0.23680578 0.2878947 ]
          [0.21377006 0.26737112 0.26289687 0.25596195]
          [0.21993527 0.2553643  0.23680578 0.2878947 ]
          ...
          [0.24789928 0.25630865 0.25237    0.24342208]
          [0.24789928 0.25630865 0.25237    0.24342208]
          [0.24789928 0.25630865 0.25237    0.24342208]])
variable([[0.21830025 0.2569323  0.23721638 0.28755105]
          [0.21830025 0.2569323  0.23721638 0.28755105]
          [0.2118315  0.26908758 0.26361233 0.25546858]
          ...
          [0.24675256 0.2579586  0.2525299  0.24275899]
          [0.24675256 0.2579586  0.2525299  0.24275899]
          [0.24675256 0.2579586  0.2525299  0.24275899]])
variable([[0.21681872 0.25846347 0.2378217  0.2868961 ]
          [0.21004829 0.27080658 0.26452175 0.25462332]
          [0.2472254  0.27144212 0.24601732 0.23531519]
          ...
          [0.24555913 0.25975296 0.25291377 0.24177416]
          [0.24555913 0.25975296 0.25291377 0.24177416]
          [0.24555913 0.25975296 0.25291377 0.24177416]])
variable([[0.24140595 0.2762478  0.24845336 0.2338929 ]
          [0.20806909 0.27288082 0.26548967 0.25356042]
          [0.24140595 0.2762478  0.24845336 0.2338929 ]
          ...
          [0.24419972 0.26207975 0.25327104 0.24044949]
          [0.24419972 0.26207975 0.25327104 0.24044949]
          [0.24419972 0.26207975 0.25327104 0.24044949]])
('Iteration', 0, 'loss', 0.8222337657709534, 'train RMSE', 1.4675312261167344)
variable([[0.2148129  0.26065546 0.23863511 0.28589657]
          [0.2148129  0.26065546 0.23863511 0.28589657]
          [0.2148129  0.26065546 0.23863511 0.28589657]
          ...
          [0.24419972 0.26207975 0.25327104 0.24044949]
          [0.24419972 0.26207975 0.25327104 0.24044949]
          [0.24419972 0.26207975 0.25327104 0.24044949]])
('Validation RMSE', 0, ':', 1.4549470368803645)
variable([[0.2424908  0.21641105 0.20618702 0.3349111 ]
          [0.2148129  0.26065546 0.23863511 0.28589657]
          [0.2148129  0.26065546 0.23863511 0.28589657]
          ...
          [0.24419972 0.26207975 0.25327104 0.24044949]
          [0.24419972 0.26207975 0.25327104 0.24044949]
          [0.24419972 0.26207975 0.25327104 0.24044949]])
('Neural test RMSE', 1.474208024334161)
('time : ', 8.346328973770142)
