Loading data...
Starting neural fingerprint experiment...
variable([[0.7708953  0.03346063 0.07115261 0.10843176 0.01605972]
          [0.3595384  0.04466547 0.19633542 0.37278086 0.02667983]
          [0.3595384  0.04466547 0.19633542 0.37278086 0.02667983]
          ...
          [0.7708953  0.03346063 0.07115261 0.10843176 0.01605972]
          [0.7708953  0.03346063 0.07115261 0.10843176 0.01605972]
          [0.7708953  0.03346063 0.07115261 0.10843176 0.01605972]])
variable([[7.85195708e-01 3.53828296e-02 5.15968613e-02 1.11556709e-01
           1.62678603e-02]
          [7.52169371e-01 2.29098544e-01 1.16906485e-04 1.66662913e-02
           1.94876478e-03]
          [7.52169371e-01 2.29098544e-01 1.16906485e-04 1.66662913e-02
           1.94876478e-03]
          ...
          [7.85195708e-01 3.53828296e-02 5.15968613e-02 1.11556709e-01
           1.62678603e-02]
          [7.85195708e-01 3.53828296e-02 5.15968613e-02 1.11556709e-01
           1.62678603e-02]
          [7.85195708e-01 3.53828296e-02 5.15968613e-02 1.11556709e-01
           1.62678603e-02]])
variable([[0.7825295  0.03879169 0.04195879 0.11940878 0.0173112 ]
          [0.39948314 0.05485023 0.09749907 0.41946703 0.02870065]
          [0.7825295  0.03879169 0.04195879 0.11940878 0.0173112 ]
          ...
          [0.7825295  0.03879169 0.04195879 0.11940878 0.0173112 ]
          [0.7825295  0.03879169 0.04195879 0.11940878 0.0173112 ]
          [0.7825295  0.03879169 0.04195879 0.11940878 0.0173112 ]])
variable([[0.08947174 0.02622568 0.6194174  0.2042842  0.06060088]
          [0.403042   0.06188246 0.07628009 0.4282855  0.03050989]
          [0.403042   0.06188246 0.07628009 0.4282855  0.03050989]
          ...
          [0.77662766 0.04327216 0.03593832 0.12540616 0.01875569]
          [0.77662766 0.04327216 0.03593832 0.12540616 0.01875569]
          [0.77662766 0.04327216 0.03593832 0.12540616 0.01875569]])
variable([[0.7421499  0.04858783 0.03605837 0.15233132 0.02087258]
          [0.7421499  0.04858783 0.03605837 0.15233132 0.02087258]
          [0.7421499  0.04858783 0.03605837 0.15233132 0.02087258]
          ...
          [0.7421499  0.04858783 0.03605837 0.15233132 0.02087258]
          [0.7421499  0.04858783 0.03605837 0.15233132 0.02087258]
          [0.7421499  0.04858783 0.03605837 0.15233132 0.02087258]])
variable([[0.00345828 0.02631713 0.00884118 0.95874405 0.00263934]
          [0.31256515 0.06812536 0.06091832 0.5276237  0.03076751]
          [0.31256515 0.06812536 0.06091832 0.5276237  0.03076751]
          ...
          [0.7097529  0.05381436 0.0357469  0.17837052 0.02231526]
          [0.7097529  0.05381436 0.0357469  0.17837052 0.02231526]
          [0.7097529  0.05381436 0.0357469  0.17837052 0.02231526]])
variable([[0.08599268 0.03252231 0.5538994  0.26221925 0.06536628]
          [0.28013477 0.06944579 0.05639218 0.5644807  0.02954654]
          [0.08599268 0.03252231 0.5538994  0.26221925 0.06536628]
          ...
          [0.6795699  0.0576908  0.0357198  0.20403396 0.02298557]
          [0.6795699  0.0576908  0.0357198  0.20403396 0.02298557]
          [0.6795699  0.0576908  0.0357198  0.20403396 0.02298557]])
('Iteration', 0, 'loss', 0.9313220873076118, 'train RMSE', 2.0849647110987513)
variable([[0.6795699  0.0576908  0.0357198  0.20403396 0.02298557]
          [0.6795699  0.0576908  0.0357198  0.20403396 0.02298557]
          [0.6795699  0.0576908  0.0357198  0.20403396 0.02298557]
          ...
          [0.6795699  0.0576908  0.0357198  0.20403396 0.02298557]
          [0.6795699  0.0576908  0.0357198  0.20403396 0.02298557]
          [0.6795699  0.0576908  0.0357198  0.20403396 0.02298557]])
('Validation RMSE', 0, ':', 2.1449185492427776)
variable([[0.6795699  0.0576908  0.0357198  0.20403396 0.02298557]
          [0.6795699  0.0576908  0.0357198  0.20403396 0.02298557]
          [0.6795699  0.0576908  0.0357198  0.20403396 0.02298557]
          ...
          [0.6795699  0.0576908  0.0357198  0.20403396 0.02298557]
          [0.6795699  0.0576908  0.0357198  0.20403396 0.02298557]
          [0.6795699  0.0576908  0.0357198  0.20403396 0.02298557]])
('Neural test RMSE', 2.1528587763598677)
('time : ', 8.313920021057129)
