Loading data...
Starting neural fingerprint experiment...
variable([[1.1180715e-03 1.5495801e-01 7.9724878e-01 4.1460745e-02
           5.2143331e-03]
          [1.1180715e-03 1.5495801e-01 7.9724878e-01 4.1460745e-02
           5.2143331e-03]
          [1.2708422e-04 2.3263983e-02 9.7160769e-01 4.1277376e-03
           8.7352830e-04]
          ...
          [1.1180715e-03 1.5495801e-01 7.9724878e-01 4.1460745e-02
           5.2143331e-03]
          [1.1180715e-03 1.5495801e-01 7.9724878e-01 4.1460745e-02
           5.2143331e-03]
          [1.1180715e-03 1.5495801e-01 7.9724878e-01 4.1460745e-02
           5.2143331e-03]])
variable([[1.5453766e-03 2.5674060e-01 6.7138219e-01 6.3502565e-02
           6.8293177e-03]
          [2.2822678e-04 5.2969106e-02 9.3688041e-01 8.4587755e-03
           1.4634827e-03]
          [1.5453766e-03 2.5674060e-01 6.7138219e-01 6.3502565e-02
           6.8293177e-03]
          ...
          [1.5453766e-03 2.5674060e-01 6.7138219e-01 6.3502565e-02
           6.8293177e-03]
          [1.5453766e-03 2.5674060e-01 6.7138219e-01 6.3502565e-02
           6.8293177e-03]
          [1.5453766e-03 2.5674060e-01 6.7138219e-01 6.3502565e-02
           6.8293177e-03]])
variable([[0.00160881 0.28914046 0.6381421  0.06356949 0.00753916]
          [0.5862115  0.12925752 0.00179673 0.26292786 0.01980641]
          [0.00160881 0.28914046 0.6381421  0.06356949 0.00753916]
          ...
          [0.00160881 0.28914046 0.6381421  0.06356949 0.00753916]
          [0.00160881 0.28914046 0.6381421  0.06356949 0.00753916]
          [0.00160881 0.28914046 0.6381421  0.06356949 0.00753916]])
variable([[0.00157958 0.31321567 0.62217027 0.05507797 0.00795655]
          [0.00671113 0.37903634 0.537533   0.05650478 0.02021479]
          [0.00157958 0.31321567 0.62217027 0.05507797 0.00795655]
          ...
          [0.00157958 0.31321567 0.62217027 0.05507797 0.00795655]
          [0.00157958 0.31321567 0.62217027 0.05507797 0.00795655]
          [0.00157958 0.31321567 0.62217027 0.05507797 0.00795655]])
variable([[1.4492278e-03 2.8058487e-01 6.6440630e-01 4.5390449e-02
           8.1691453e-03]
          [2.1282502e-04 5.9935331e-02 9.3245256e-01 5.5743223e-03
           1.8249822e-03]
          [1.4492278e-03 2.8058487e-01 6.6440630e-01 4.5390449e-02
           8.1691453e-03]
          ...
          [1.4492278e-03 2.8058487e-01 6.6440630e-01 4.5390449e-02
           8.1691453e-03]
          [1.4492278e-03 2.8058487e-01 6.6440630e-01 4.5390449e-02
           8.1691453e-03]
          [1.4492278e-03 2.8058487e-01 6.6440630e-01 4.5390449e-02
           8.1691453e-03]])
variable([[1.4904955e-03 2.7293089e-01 6.6846091e-01 4.8650730e-02
           8.4669478e-03]
          [1.4904955e-03 2.7293089e-01 6.6846091e-01 4.8650730e-02
           8.4669478e-03]
          [2.1889209e-04 5.7843067e-02 9.3401444e-01 6.0276273e-03
           1.8959002e-03]
          ...
          [1.4904955e-03 2.7293089e-01 6.6846091e-01 4.8650730e-02
           8.4669478e-03]
          [1.4904955e-03 2.7293089e-01 6.6846091e-01 4.8650730e-02
           8.4669478e-03]
          [1.4904955e-03 2.7293089e-01 6.6846091e-01 4.8650730e-02
           8.4669478e-03]])
variable([[6.7841276e-03 3.0709323e-01 6.0866553e-01 5.5019256e-02
           2.2437783e-02]
          [2.2704662e-04 5.3635459e-02 9.3733591e-01 6.8424479e-03
           1.9591514e-03]
          [6.7841276e-03 3.0709323e-01 6.0866553e-01 5.5019256e-02
           2.2437783e-02]
          ...
          [1.5512581e-03 2.5882289e-01 6.7620808e-01 5.4628730e-02
           8.7891296e-03]
          [1.5512581e-03 2.5882289e-01 6.7620808e-01 5.4628730e-02
           8.7891296e-03]
          [1.5512581e-03 2.5882289e-01 6.7620808e-01 5.4628730e-02
           8.7891296e-03]])
('Iteration', 0, 'loss', 0.7902724554340415, 'train RMSE', 1.7285894173425855)
variable([[0.00155126 0.2588229  0.6762081  0.05462873 0.00878913]
          [0.00155126 0.2588229  0.6762081  0.05462873 0.00878913]
          [0.00155126 0.2588229  0.6762081  0.05462873 0.00878913]
          ...
          [0.00155126 0.2588229  0.6762081  0.05462873 0.00878913]
          [0.00155126 0.2588229  0.6762081  0.05462873 0.00878913]
          [0.00155126 0.2588229  0.6762081  0.05462873 0.00878913]])
('Validation RMSE', 0, ':', 1.697975493116075)
variable([[0.00155126 0.2588229  0.6762081  0.05462873 0.00878913]
          [0.00155126 0.2588229  0.6762081  0.05462873 0.00878913]
          [0.00155126 0.2588229  0.6762081  0.05462873 0.00878913]
          ...
          [0.00155126 0.2588229  0.6762081  0.05462873 0.00878913]
          [0.00155126 0.2588229  0.6762081  0.05462873 0.00878913]
          [0.00155126 0.2588229  0.6762081  0.05462873 0.00878913]])
('Neural test RMSE', 1.7901216395301087)
('time : ', 8.39965009689331)
