1.858898252248764038e-01 8.141102194786071777e-01
3.404390811920166016e-01 6.595608592033386230e-01
2.653638422489166260e-01 7.346361279487609863e-01
7.274145726114511490e-03 9.927258491516113281e-01
8.803225308656692505e-02 9.119678139686584473e-01
4.443254172801971436e-01 5.556746125221252441e-01
3.863389790058135986e-01 6.136610507965087891e-01
2.621654570102691650e-01 7.378345131874084473e-01
1.922533847391605377e-02 9.807747006416320801e-01
5.881360173225402832e-02 9.411863684654235840e-01
4.324027299880981445e-01 5.675972104072570801e-01
3.147683143615722656e-01 6.852316856384277344e-01
1.383001636713743210e-02 9.861699342727661133e-01
2.590952217578887939e-01 7.409047484397888184e-01
7.096691429615020752e-02 9.290331006050109863e-01
1.328398585319519043e-01 8.671601414680480957e-01
1.195521131157875061e-01 8.804478645324707031e-01
8.144711144268512726e-03 9.918552637100219727e-01
2.685345113277435303e-01 7.314655184745788574e-01
2.534194290637969971e-01 7.465806007385253906e-01
3.202375471591949463e-01 6.797624826431274414e-01
3.665215522050857544e-02 9.633479118347167969e-01
3.799864351749420166e-01 6.200135946273803711e-01
2.541290521621704102e-01 7.458709478378295898e-01
1.818648353219032288e-02 9.818135499954223633e-01
3.085312545299530029e-01 6.914687752723693848e-01
4.365628585219383240e-02 9.563437104225158691e-01
2.212936729192733765e-01 7.787063717842102051e-01
3.050855696201324463e-01 6.949144005775451660e-01
3.581692874431610107e-01 6.418306827545166016e-01
3.019869923591613770e-01 6.980130076408386230e-01
1.030923277139663696e-01 8.969076871871948242e-01
5.497986078262329102e-02 9.450200796127319336e-01
4.025354087352752686e-01 5.974646210670471191e-01
1.526250243186950684e-01 8.473749756813049316e-01
7.687137275934219360e-02 9.231286048889160156e-01
3.159552216529846191e-01 6.840447783470153809e-01
1.188917458057403564e-02 9.881107807159423828e-01
1.654305309057235718e-01 8.345694541931152344e-01
8.676797896623611450e-02 9.132320284843444824e-01
1.400303840637207031e-01 8.599696159362792969e-01
4.789403975009918213e-01 5.210595726966857910e-01
2.069123089313507080e-01 7.930876612663269043e-01
2.238251268863677979e-01 7.761749029159545898e-01
4.449366629123687744e-01 5.550633668899536133e-01
2.677986957132816315e-02 9.732201695442199707e-01
4.090421795845031738e-01 5.909577608108520508e-01
2.818537950515747070e-01 7.181462645530700684e-01
1.431668177247047424e-02 9.856833815574645996e-01
1.193481683731079102e-01 8.806517720222473145e-01
8.454885333776473999e-02 9.154511094093322754e-01
1.244730427861213684e-01 8.755270242691040039e-01
3.826095759868621826e-01 6.173903942108154297e-01
3.239597976207733154e-01 6.760402321815490723e-01
4.233264029026031494e-01 5.766736268997192383e-01
7.607459276914596558e-02 9.239253997802734375e-01
3.434878289699554443e-01 6.565122008323669434e-01
4.006802439689636230e-01 5.993197560310363770e-01
3.022493124008178711e-01 6.977506875991821289e-01
1.773606091737747192e-01 8.226393461227416992e-01
2.382852882146835327e-01 7.617146968841552734e-01
3.863389790058135986e-01 6.136610507965087891e-01
3.010468184947967529e-02 9.698953032493591309e-01
2.083108425140380859e-01 7.916892170906066895e-01
1.990228742361068726e-01 8.009771704673767090e-01
8.925402909517288208e-02 9.107459783554077148e-01
4.259920716285705566e-01 5.740079283714294434e-01
1.584865450859069824e-01 8.415133953094482422e-01
2.495503276586532593e-01 7.504496574401855469e-01
3.422240614891052246e-01 6.577759385108947754e-01
1.449361257255077362e-02 9.855064153671264648e-01
3.652817904949188232e-01 6.347181797027587891e-01
8.850115351378917694e-03 9.911499023437500000e-01
3.177086412906646729e-01 6.822913885116577148e-01
3.919739425182342529e-01 6.080260276794433594e-01
4.527474045753479004e-01 5.472525954246520996e-01
1.379741579294204712e-01 8.620258569717407227e-01
2.834962010383605957e-01 7.165037989616394043e-01
2.575426995754241943e-01 7.424573302268981934e-01
5.023121833801269531e-01 4.976878762245178223e-01
1.870293729007244110e-02 9.812970757484436035e-01
8.630858734250068665e-03 9.913691878318786621e-01
2.697882354259490967e-01 7.302117347717285156e-01
1.251886319369077682e-02 9.874811768531799316e-01
2.867052331566810608e-02 9.713294506072998047e-01
3.804579973220825195e-01 6.195419430732727051e-01
8.916818350553512573e-02 9.108318090438842773e-01
4.786157011985778809e-01 5.213842988014221191e-01
3.629906475543975830e-01 6.370093822479248047e-01
1.593112945556640625e-02 9.840688109397888184e-01
3.908575177192687988e-01 6.091424822807312012e-01
2.928792834281921387e-01 7.071207165718078613e-01
7.174195349216461182e-02 9.282580614089965820e-01
2.912042737007141113e-01 7.087957859039306641e-01
1.167845204472541809e-01 8.832154273986816406e-01
1.884299516677856445e-01 8.115700483322143555e-01
1.583853960037231445e-01 8.416145443916320801e-01
3.102623522281646729e-01 6.897376775741577148e-01
2.962584793567657471e-01 7.037414908409118652e-01
2.873196601867675781e-01 7.126803398132324219e-01
4.433395266532897949e-01 5.566604733467102051e-01
4.066481888294219971e-01 5.933518409729003906e-01
3.506591320037841797e-01 6.493408679962158203e-01
4.408511221408843994e-01 5.591489076614379883e-01
3.021117150783538818e-01 6.978883147239685059e-01
2.884585857391357422e-01 7.115414142608642578e-01
1.949052214622497559e-01 8.050947785377502441e-01
9.347391873598098755e-02 9.065260887145996094e-01
2.867987453937530518e-01 7.132012248039245605e-01
1.015453040599822998e-02 9.898455142974853516e-01
4.413572549819946289e-01 5.586426854133605957e-01
3.313707113265991211e-01 6.686292886734008789e-01
1.297717839479446411e-01 8.702281713485717773e-01
2.909231698140501976e-03 9.970906972885131836e-01
4.438930153846740723e-01 5.561069846153259277e-01
3.979000151157379150e-01 6.021000146865844727e-01
2.626131474971771240e-01 7.373868823051452637e-01
3.077143989503383636e-02 9.692285060882568359e-01
4.455618262290954590e-01 5.544382333755493164e-01
2.945661246776580811e-01 7.054338455200195312e-01
9.624931216239929199e-02 9.037506580352783203e-01
2.117203176021575928e-01 7.882796525955200195e-01
4.798027873039245605e-01 5.201972126960754395e-01
2.402166873216629028e-01 7.597833275794982910e-01
6.378240417689085007e-03 9.936217665672302246e-01
2.461532130837440491e-02 9.753847122192382812e-01
7.231585681438446045e-02 9.276841282844543457e-01
4.393291659653186798e-03 9.956067204475402832e-01
3.068055808544158936e-01 6.931944489479064941e-01
2.909983396530151367e-01 7.090016603469848633e-01
3.627672791481018066e-01 6.372327208518981934e-01
2.071543782949447632e-01 7.928456068038940430e-01
2.419148804619908333e-03 9.975807666778564453e-01
2.855593562126159668e-01 7.144405841827392578e-01
3.448026478290557861e-01 6.551973223686218262e-01
1.578863710165023804e-02 9.842113852500915527e-01
9.046864509582519531e-02 9.095314145088195801e-01
2.085271328687667847e-01 7.914728522300720215e-01
9.683535248041152954e-02 9.031646847724914551e-01
2.768357098102569580e-01 7.231643199920654297e-01
4.984749555587768555e-01 5.015250444412231445e-01
2.621653974056243896e-01 7.378346323966979980e-01
1.685689836740493774e-01 8.314310312271118164e-01
4.074805974960327148e-01 5.925194025039672852e-01
1.071330010890960693e-01 8.928670287132263184e-01
3.784133195877075195e-01 6.215866804122924805e-01
2.072778046131134033e-01 7.927221655845642090e-01
2.566677033901214600e-01 7.433323264122009277e-01
3.825064897537231445e-01 6.174934506416320801e-01
1.142712682485580444e-02 9.885728359222412109e-01
2.895350456237792969e-01 7.104649543762207031e-01
3.605091944336891174e-02 9.639490842819213867e-01
2.402166128158569336e-01 7.597833871841430664e-01
4.628124833106994629e-01 5.371874570846557617e-01
2.878714501857757568e-01 7.121285796165466309e-01
1.655272841453552246e-01 8.344727158546447754e-01
4.729868173599243164e-01 5.270131826400756836e-01
2.846749126911163330e-01 7.153251171112060547e-01
3.994375169277191162e-01 6.005624532699584961e-01
4.017237573862075806e-03 9.959827661514282227e-01
1.075443252921104431e-01 8.924556970596313477e-01
2.572126388549804688e-01 7.427873611450195312e-01
4.638117253780364990e-01 5.361883044242858887e-01
6.573424488306045532e-02 9.342657923698425293e-01
1.775790750980377197e-01 8.224209547042846680e-01
3.097800910472869873e-01 6.902198791503906250e-01
7.425493001937866211e-02 9.257450103759765625e-01
4.153698682785034180e-01 5.846300721168518066e-01
2.727784514427185059e-01 7.272215485572814941e-01
1.372254490852355957e-01 8.627744913101196289e-01
3.811553418636322021e-01 6.188446879386901855e-01
1.718863099813461304e-01 8.281137347221374512e-01
2.945598065853118896e-01 7.054401636123657227e-01
5.015246272087097168e-01 4.984753429889678955e-01
2.626515924930572510e-01 7.373484373092651367e-01
2.895350158214569092e-01 7.104650139808654785e-01
2.622172236442565918e-01 7.377827763557434082e-01
1.775791198015213013e-01 8.224208354949951172e-01
4.689497053623199463e-01 5.310502648353576660e-01
5.748335719108581543e-01 4.251664578914642334e-01
3.294724225997924805e-01 6.705275774002075195e-01
2.028158009052276611e-01 7.971841692924499512e-01
4.029339849948883057e-01 5.970660448074340820e-01
1.899754703044891357e-01 8.100244998931884766e-01
1.357471048831939697e-01 8.642529249191284180e-01
8.671027421951293945e-02 9.132897257804870605e-01
3.585444390773773193e-02 9.641455411911010742e-01
3.942818641662597656e-01 6.057180762290954590e-01
4.315665364265441895e-02 9.568433165550231934e-01
1.879894286394119263e-01 8.120105266571044922e-01
4.355271458625793457e-01 5.644729137420654297e-01
3.756345435976982117e-02 9.624366164207458496e-01
1.222194638103246689e-02 9.877780079841613770e-01
1.510028094053268433e-01 8.489972352981567383e-01
2.431373856961727142e-02 9.756862521171569824e-01
3.889375627040863037e-01 6.110624670982360840e-01
3.842786550521850586e-01 6.157212853431701660e-01
1.198468431830406189e-01 8.801531791687011719e-01
2.912041842937469482e-01 7.087957859039306641e-01
2.137295454740524292e-01 7.862704992294311523e-01
